0 0.408399 0.503968 0.167989 0.100694 0.351068
0 0.561343 0.508929 0.151124 0.112103 0.377544
5 0.400298 0.400794 0.150463 0.0982143 0.435949
5 0.556052 0.401538 0.147156 0.0982143 0.494801
5 0.566634 0.611235 0.165013 0.122768 0.542311
5 0.408399 0.611111 0.14881 0.108135 0.579748
5 0.561508 0.508061 0.14418 0.109871 0.633383
5 0.538525 0.31188 0.15377 0.107391 0.648372
5 0.558862 0.734747 0.181878 0.158482 0.65995
5 0.404762 0.503844 0.162037 0.100942 0.699683
5 0.411045 0.176587 0.185185 0.125 0.728313
5 0.433036 0.289683 0.108135 0.0947421 0.735562
5 0.412533 0.739955 0.170966 0.148065 0.752832
5 0.545139 0.211434 0.13922 0.0994544 0.771615
