0 0.594122 0.742725 0.0577877 0.154101 0.254608
0 0.732267 0.353175 0.206101 0.251984 0.266239
0 0.141493 0.534061 0.282986 0.611111 0.289476
0 0.633061 0.151951 0.169395 0.12004 0.305491
0 0.785342 0.151455 0.146577 0.201058 0.34469
0 0.557044 0.052414 0.137897 0.0949074 0.374568
0 0.981647 0.613757 0.0367064 0.349206 0.408389
0 0.948165 0.947917 0.103671 0.0869709 0.409899
0 0.731895 0.766534 0.0917659 0.168651 0.43451
0 0.25248 0.594081 0.0863095 0.11541 0.449402
0 0.97123 0.828704 0.0575397 0.184524 0.472278
0 0.647197 0.581845 0.187252 0.284061 0.481256
0 0.459697 0.798776 0.314236 0.350198 0.487871
0 0.746528 0.415509 0.0982143 0.149802 0.497839
0 0.765005 0.667163 0.100446 0.102844 0.497917
0 0.677827 0.354993 0.101687 0.285384 0.552001
0 0.613715 0.777282 0.233383 0.383929 0.557096
0 0.924603 0.890046 0.0634921 0.147817 0.557949
0 0.670139 0.046131 0.0803571 0.0856481 0.562173
0 0.789187 0.333003 0.121528 0.147487 0.566475
0 0.203249 0.915675 0.0513393 0.0886243 0.582971
0 0.800719 0.553241 0.166419 0.302249 0.596567
0 0.889013 0.681548 0.124752 0.282407 0.621371
0 0.823909 0.809689 0.105655 0.133929 0.6368
0 0.917163 0.205192 0.164683 0.258267 0.645181
0 0.409226 0.378142 0.618056 0.519511 0.863399
