0 0.747355 0.710689 0.19246 0.101438 0.292593
0 0.941964 0.797867 0.0869709 0.093254 0.354177
0 0.72586 0.953993 0.257275 0.0920139 0.430608
0 0.775794 0.505952 0.320767 0.21627 0.446724
0 0.796627 0.183904 0.33664 0.363839 0.471112
0 0.615079 0.343626 0.238095 0.245784 0.472097
0 0.946263 0.634425 0.094246 0.120536 0.49907
0 0.5625 0.93688 0.158069 0.119296 0.560909
0 0.575066 0.795635 0.179894 0.184524 0.643717
0 0.421627 0.88058 0.23082 0.237351 0.666439
0 0.497685 0.423487 0.259259 0.363343 0.668677
