0 0.649967 0.113591 0.169643 0.219907 0.277944
0 0.581515 0.83631 0.120701 0.28373 0.319353
0 0.470899 0.518849 0.0588624 0.113757 0.330809
0 0.921462 0.838128 0.14914 0.0724206 0.37307
0 0.483796 0.40873 0.0780423 0.12963 0.392704
0 0.326885 0.107639 0.0499339 0.125331 0.397709
0 0.945437 0.769841 0.103836 0.0701058 0.441675
0 0.859458 0.96875 0.164021 0.0618386 0.493946
0 0.374339 0.144676 0.0575397 0.132606 0.499861
0 0.536376 0.618717 0.077381 0.104497 0.512526
0 0.635251 0.723876 0.098545 0.116402 0.515668
0 0.321759 0.0198413 0.0628307 0.0396825 0.519694
0 0.722553 0.413525 0.180556 0.1875 0.520295
0 0.726521 0.855324 0.154101 0.241071 0.550862
0 0.37963 0.0372024 0.0714286 0.0744048 0.553636
0 0.888889 0.522321 0.218915 0.228505 0.559332
0 0.371693 0.733466 0.16336 0.259259 0.57263
0 0.564153 0.484623 0.113095 0.155093 0.59372
0 0.502976 0.258102 0.0912698 0.152447 0.596417
0 0.27629 0.0737434 0.0505952 0.121693 0.626901
0 0.785549 0.643849 0.159061 0.134259 0.650945
0 0.922123 0.898313 0.155754 0.188161 0.658342
0 0.811508 0.761574 0.140873 0.0859788 0.716698
0 0.590608 0.321759 0.113095 0.200397 0.732328
0 0.399967 0.924272 0.110119 0.150132 0.765085
0 0.433697 0.189815 0.0710979 0.145503 0.813113
0 0.446098 0.0583664 0.0760582 0.116071 0.813223
0 0.662698 0.576389 0.144841 0.184524 0.818339
0 0.523975 0.0874669 0.0935847 0.17295 0.824845
