0 0.794478 0.12004 0.190146 0.232143 0.260633
0 0.592923 0.837302 0.0958995 0.0925926 0.262092
0 0.258763 0.550099 0.0552249 0.0724206 0.310324
0 0.499835 0.670139 0.067791 0.0869709 0.355899
0 0.604993 0.977513 0.0367064 0.0449735 0.356107
0 0.354828 0.779266 0.152116 0.228505 0.358412
0 0.78125 0.318122 0.11078 0.155423 0.368025
0 0.886574 0.902778 0.22619 0.19246 0.4114
0 0.261078 0.935847 0.0896164 0.126984 0.484359
0 0.500992 0.519511 0.0853175 0.0740741 0.49413
0 0.508267 0.560516 0.0833333 0.12963 0.511123
0 0.912037 0.272983 0.173942 0.238426 0.519079
0 0.638724 0.0710979 0.0763889 0.141534 0.560786
0 0.70453 0.780589 0.124669 0.1875 0.719837
