5 0.531415 0.222346 0.160053 0.0999504 0.27979
5 0.53869 0.315724 0.164683 0.106647 0.319652
5 0.407573 0.250124 0.198743 0.252728 0.332145
5 0.420635 0.402406 0.143519 0.102431 0.388907
5 0.419808 0.617932 0.142526 0.110863 0.529107
5 0.572421 0.409102 0.118386 0.105903 0.556601
5 0.573743 0.742684 0.175265 0.160962 0.705306
5 0.566303 0.611731 0.164352 0.113343 0.711994
5 0.435847 0.297247 0.113757 0.116319 0.71283
5 0.427745 0.74566 0.199405 0.151538 0.725734
5 0.416171 0.502852 0.155754 0.0989583 0.729536
5 0.562665 0.509797 0.146495 0.114831 0.733545
5 0.517692 0.710441 0.107474 0.0910218 0.752299
