0 0.978175 0.0545635 0.0436508 0.105159 0.270541
2 0.264261 0.924272 0.0295139 0.0462963 0.27079
0 0.666915 0.0525794 0.0972222 0.0939153 0.274736
0 0.980283 0.669478 0.0384425 0.388558 0.285848
0 0.264013 0.923446 0.0290179 0.0459656 0.305069
0 0.793403 0.333168 0.12004 0.145833 0.31607
0 0.11942 0.782738 0.0448909 0.0793651 0.335992
0 0.984499 0.424603 0.031002 0.195767 0.339071
2 0.241815 0.908234 0.0396825 0.0644841 0.353402
0 0.240451 0.905423 0.0374504 0.0654762 0.399196
0 0.553571 0.856812 0.0238095 0.0416667 0.406337
0 0.442832 0.0512566 0.361359 0.102513 0.467235
0 0.597966 0.133267 0.251984 0.156085 0.494125
0 0.0522073 0.796627 0.103919 0.145503 0.523044
0 0.201761 0.915179 0.0458829 0.0843254 0.64367
0 0.784474 0.143519 0.139881 0.168651 0.650561
0 0.917411 0.197586 0.164187 0.264881 0.753406
0 0.413566 0.385086 0.627232 0.497685 0.875805
